// API callback
drawMap({
 "kind": "fusiontables#sqlresponse",
 "columns": [
  "name",
  "geometry"
 ],
 "rows": [
  [
   "North America",
   {
    "geometry": {
     "type": "Polygon",
     "coordinates": [
      [
       [
        -38.320312,
        58.631217,
        0.0
       ],
       [
        -30.9375,
        66.372755,
        0.0
       ],
       [
        -15.117187,
        69.287257,
        0.0
       ],
       [
        -14.0625,
        77.617709,
        0.0
       ],
       [
        0.703125,
        81.621352,
        0.0
       ],
       [
        -39.375,
        84.267172,
        0.0
       ],
       [
        -60.46875,
        82.896987,
        0.0
       ],
       [
        -85.78125,
        83.236427,
        0.0
       ],
       [
        -102.65625,
        79.812302,
        0.0
       ],
       [
        -124.453125,
        78.134493,
        0.0
       ],
       [
        -131.835937,
        71.413177,
        0.0
       ],
       [
        -150.820312,
        71.524909,
        0.0
       ],
       [
        -163.125,
        72.289067,
        0.0
       ],
       [
        -170.15625,
        67.339861,
        0.0
       ],
       [
        -170.507812,
        55.578345,
        0.0
       ],
       [
        -152.226562,
        54.572062,
        0.0
       ],
       [
        -145.546875,
        59.175928,
        0.0
       ],
       [
        -129.023437,
        46.55886,
        0.0
       ],
       [
        -126.679386,
        38.729285,
        0.0
       ],
       [
        -124.453125,
        29.22889,
        0.0
       ],
       [
        -106.523437,
        16.299051,
        0.0
       ],
       [
        -88.59375,
        10.487812,
        0.0
       ],
       [
        -82.265625,
        4.915833,
        0.0
       ],
       [
        -77.88972,
        7.22889,
        0.0
       ],
       [
        -76.640625,
        10.833306,
        0.0
       ],
       [
        -81.914062,
        12.554564,
        0.0
       ],
       [
        -83.671875,
        18.646245,
        0.0
       ],
       [
        -87.1875,
        23.885838,
        0.0
       ],
       [
        -79.980469,
        24.686952,
        0.0
       ],
       [
        -79.628906,
        28.304381,
        0.0
       ],
       [
        -77.34375,
        33.28462,
        0.0
       ],
       [
        -70.839844,
        39.909736,
        0.0
       ],
       [
        -65.047555,
        42.197284,
        0.0
       ],
       [
        -59.589844,
        43.961191,
        0.0
       ],
       [
        -49.394531,
        45.706179,
        0.0
       ],
       [
        -38.320312,
        58.631217,
        0.0
       ]
      ]
     ]
    }
   }
  ],
  [
   "Caribbean",
   {
    "geometry": {
     "type": "Polygon",
     "coordinates": [
      [
       [
        -82.617187,
        23.885838,
        0.0
       ],
       [
        -85.253906,
        22.755921,
        0.0
       ],
       [
        -83.144531,
        20.13847,
        0.0
       ],
       [
        -78.222656,
        16.636192,
        0.0
       ],
       [
        -69.433594,
        16.299051,
        0.0
       ],
       [
        -63.28125,
        11.005905,
        0.0
       ],
       [
        -58.886719,
        8.407168,
        0.0
       ],
       [
        -55.898438,
        14.944785,
        0.0
       ],
       [
        -61.171875,
        22.917923,
        0.0
       ],
       [
        -70.3125,
        24.527135,
        0.0
       ],
       [
        -78.046875,
        28.149503,
        0.0
       ],
       [
        -82.617187,
        23.885838,
        0.0
       ]
      ]
     ]
    }
   }
  ],
  [
   "South America",
   {
    "geometry": {
     "type": "Polygon",
     "coordinates": [
      [
       [
        -45.0,
        -26.146853,
        0.0
       ],
       [
        -35.683594,
        -17.811456,
        0.0
       ],
       [
        -32.167969,
        -6.664608,
        0.0
       ],
       [
        -42.539062,
        -0.175781,
        0.0
       ],
       [
        -45.0,
        2.155044,
        0.0
       ],
       [
        -48.867187,
        5.790897,
        0.0
       ],
       [
        -58.886719,
        8.407168,
        0.0
       ],
       [
        -68.378906,
        12.897489,
        0.0
       ],
       [
        -75.234375,
        14.093957,
        0.0
       ],
       [
        -80.15625,
        4.565474,
        0.0
       ],
       [
        -83.496094,
        -3.513421,
        0.0
       ],
       [
        -79.628906,
        -13.410994,
        0.0
       ],
       [
        -72.421875,
        -18.979026,
        0.0
       ],
       [
        -72.773438,
        -27.059126,
        0.0
       ],
       [
        -74.882812,
        -36.173357,
        0.0
       ],
       [
        -75.458098,
        -44.067387,
        0.0
       ],
       [
        -75.585937,
        -45.58329,
        0.0
       ],
       [
        -76.816406,
        -53.014783,
        0.0
       ],
       [
        -69.960937,
        -55.776573,
        0.0
       ],
       [
        -61.699219,
        -55.279115,
        0.0
       ],
       [
        -66.621094,
        -51.508742,
        0.0
       ],
       [
        -62.929687,
        -46.316584,
        0.0
       ],
       [
        -55.673605,
        -39.551209,
        0.0
       ],
       [
        -54.140625,
        -37.857507,
        0.0
       ],
       [
        -45.351563,
        -26.431228,
        0.0
       ],
       [
        -45.0,
        -26.146853,
        0.0
       ]
      ]
     ]
    }
   }
  ],
  [
   "Africa",
   {
    "geometry": {
     "type": "Polygon",
     "coordinates": [
      [
       [
        4.21875,
        38.410558,
        0.0
       ],
       [
        -9.84375,
        34.885931,
        0.0
       ],
       [
        -21.621094,
        21.125498,
        0.0
       ],
       [
        -15.820312,
        9.622414,
        0.0
       ],
       [
        -7.382812,
        -1.406109,
        0.0
       ],
       [
        3.515625,
        4.214943,
        0.0
       ],
       [
        9.140625,
        -2.284551,
        0.0
       ],
       [
        10.019531,
        -14.944785,
        0.0
       ],
       [
        11.777344,
        -21.943046,
        0.0
       ],
       [
        16.875,
        -34.597041,
        0.0
       ],
       [
        31.640625,
        -35.173808,
        0.0
       ],
       [
        45.0,
        -27.627416,
        0.0
       ],
       [
        48.339844,
        -25.324166,
        0.0
       ],
       [
        53.964844,
        -14.774882,
        0.0
       ],
       [
        51.328125,
        -4.214943,
        0.0
       ],
       [
        55.019531,
        12.382928,
        0.0
       ],
       [
        45.0,
        12.114858,
        0.0
       ],
       [
        43.417969,
        12.039321,
        0.0
       ],
       [
        32.871094,
        33.28462,
        0.0
       ],
       [
        17.753906,
        33.870416,
        0.0
       ],
       [
        10.898438,
        38.272689,
        0.0
       ],
       [
        4.21875,
        38.410558,
        0.0
       ]
      ]
     ]
    }
   }
  ],
  [
   "Oceania",
   {
    "geometry": {
     "type": "Polygon",
     "coordinates": [
      [
       [
        153.457031,
        -27.683519,
        0.0
       ],
       [
        153.457031,
        -25.700937,
        0.0
       ],
       [
        153.28125,
        -24.547123,
        0.0
       ],
       [
        152.314453,
        -24.28702,
        0.0
       ],
       [
        150.996094,
        -23.160561,
        0.0
       ],
       [
        150.644531,
        -22.268761,
        0.0
       ],
       [
        149.677734,
        -21.698259,
        0.0
       ],
       [
        149.238281,
        -20.210655,
        0.0
       ],
       [
        146.546631,
        -18.41708,
        0.0
       ],
       [
        145.634766,
        -16.299049,
        0.0
       ],
       [
        145.557861,
        -14.923554,
        0.0
       ],
       [
        144.755844,
        -14.43468,
        0.0
       ],
       [
        143.679199,
        -12.533115,
        0.0
       ],
       [
        142.327881,
        -10.552622,
        0.0
       ],
       [
        141.503906,
        -12.72608,
        0.0
       ],
       [
        141.416016,
        -15.02968,
        0.0
       ],
       [
        141.152344,
        -16.63619,
        0.0
       ],
       [
        140.097656,
        -17.727751,
        0.0
       ],
       [
        139.702148,
        -16.341227,
        0.0
       ],
       [
        137.900391,
        -16.21467,
        0.0
       ],
       [
        135.527344,
        -14.68988,
        0.0
       ],
       [
        137.197266,
        -14.243087,
        0.0
       ],
       [
        136.604004,
        -13.325485,
        0.0
       ],
       [
        137.219238,
        -12.490214,
        0.0
       ],
       [
        136.889648,
        -10.768556,
        0.0
       ],
       [
        133.461914,
        -11.329253,
        0.0
       ],
       [
        132.099609,
        -10.595821,
        0.0
       ],
       [
        130.078125,
        -11.22151,
        0.0
       ],
       [
        129.79248,
        -13.004558,
        0.0
       ],
       [
        129.331055,
        -13.752725,
        0.0
       ],
       [
        129.243164,
        -14.626109,
        0.0
       ],
       [
        127.045898,
        -13.453737,
        0.0
       ],
       [
        125.837402,
        -13.710035,
        0.0
       ],
       [
        124.562988,
        -14.817371,
        0.0
       ],
       [
        123.640137,
        -15.919074,
        0.0
       ],
       [
        122.871094,
        -16.46769,
        0.0
       ],
       [
        121.728508,
        -17.39257,
        0.0
       ],
       [
        121.618652,
        -18.479609,
        0.0
       ],
       [
        120.410156,
        -19.435514,
        0.0
       ],
       [
        117.333984,
        -20.179724,
        0.0
       ],
       [
        114.873039,
        -21.371241,
        0.0
       ],
       [
        113.730469,
        -21.637005,
        0.0
       ],
       [
        113.378899,
        -22.674841,
        0.0
       ],
       [
        112.521973,
        -25.562265,
        0.0
       ],
       [
        113.027344,
        -27.039557,
        0.0
       ],
       [
        113.961182,
        -28.052591,
        0.0
       ],
       [
        115.136711,
        -30.60009,
        0.0
       ],
       [
        115.488281,
        -31.87755,
        0.0
       ],
       [
        115.224602,
        -33.211109,
        0.0
       ],
       [
        114.785149,
        -34.234509,
        0.0
       ],
       [
        116.92749,
        -35.218697,
        0.0
       ],
       [
        118.916008,
        -34.741611,
        0.0
       ],
       [
        119.882812,
        -34.20726,
        0.0
       ],
       [
        122.55249,
        -34.09816,
        0.0
       ],
       [
        123.782959,
        -33.888657,
        0.0
       ],
       [
        124.89257,
        -33.063919,
        0.0
       ],
       [
        126.485596,
        -32.370682,
        0.0
       ],
       [
        127.803955,
        -32.314991,
        0.0
       ],
       [
        129.16626,
        -31.728167,
        0.0
       ],
       [
        131.220703,
        -31.662733,
        0.0
       ],
       [
        135.0,
        -33.651199,
        0.0
       ],
       [
        135.681152,
        -35.083958,
        0.0
       ],
       [
        137.669678,
        -33.174343,
        0.0
       ],
       [
        137.406006,
        -34.089062,
        0.0
       ],
       [
        136.889648,
        -34.930981,
        0.0
       ],
       [
        136.582031,
        -35.67514,
        0.0
       ],
       [
        136.549072,
        -36.03133,
        0.0
       ],
       [
        137.131348,
        -36.199959,
        0.0
       ],
       [
        138.131104,
        -35.88015,
        0.0
       ],
       [
        139.064941,
        -35.701916,
        0.0
       ],
       [
        139.833984,
        -36.597881,
        0.0
       ],
       [
        139.537354,
        -36.941113,
        0.0
       ],
       [
        139.746094,
        -37.370152,
        0.0
       ],
       [
        140.097656,
        -37.996159,
        0.0
       ],
       [
        141.679688,
        -38.272678,
        0.0
       ],
       [
        143.55835,
        -38.916683,
        0.0
       ],
       [
        144.591064,
        -38.436378,
        0.0
       ],
       [
        145.810547,
        -38.754082,
        0.0
       ],
       [
        146.074203,
        -39.368271,
        0.0
       ],
       [
        148.227539,
        -37.935532,
        0.0
       ],
       [
        150.117188,
        -37.73597,
        0.0
       ],
       [
        150.029297,
        -36.73888,
        0.0
       ],
       [
        150.941162,
        -34.777718,
        0.0
       ],
       [
        152.929688,
        -31.35363,
        0.0
       ],
       [
        153.380127,
        -30.410782,
        0.0
       ],
       [
        153.907471,
        -29.017748,
        0.0
       ],
       [
        153.457031,
        -27.683519,
        0.0
       ],
       [
        146.074203,
        -43.580391,
        0.0
       ],
       [
        148.271484,
        -43.580391,
        0.0
       ],
       [
        148.447266,
        -42.35854,
        0.0
       ],
       [
        148.535156,
        -41.112461,
        0.0
       ],
       [
        148.623047,
        -40.245991,
        0.0
       ],
       [
        147.941895,
        -39.385265,
        0.0
       ],
       [
        147.128906,
        -40.979889,
        0.0
       ],
       [
        145.546875,
        -40.78054,
        0.0
       ],
       [
        144.887695,
        -40.21244,
        0.0
       ],
       [
        144.228516,
        -40.713951,
        0.0
       ],
       [
        145.151367,
        -42.892063,
        0.0
       ],
       [
        146.074203,
        -43.580391,
        0.0
       ]
      ]
     ]
    }
   }
  ],
  [
   "Asia",
   {
    "type": "GeometryCollection",
    "geometries": [
     {
      "type": "Polygon",
      "coordinates": [
       [
        [
         39.6908,
         84.52666,
         0.0
        ],
        [
         179.9999,
         84.38487,
         0.0
        ],
        [
         179.9999,
         26.27883,
         0.0
        ],
        [
         132.1529,
         26.46809,
         0.0
        ],
        [
         130.147,
         3.608598,
         0.0
        ],
        [
         141.1373,
         -1.666358,
         0.0
        ],
        [
         141.0438,
         -9.784795,
         0.0
        ],
        [
         130.2645,
         -10.0399,
         0.0
        ],
        [
         118.2545,
         -13.01165,
         0.0
        ],
        [
         102.7975,
         -8.388008,
         0.0
        ],
        [
         89.50451,
         -11.1417,
         0.0
        ],
        [
         61.62511,
         -9.103512,
         0.0
        ],
        [
         51.62645,
         12.54865,
         0.0
        ],
        [
         44.20775,
         11.6786,
         0.0
        ],
        [
         39.78016,
         16.56855,
         0.0
        ],
        [
         31.60401,
         31.58641,
         0.0
        ],
        [
         33.27769,
         34.00057,
         0.0
        ],
        [
         34.7674,
         34.85347,
         0.0
        ],
        [
         35.72423,
         36.32686,
         0.0
        ],
        [
         36.5597,
         37.66439,
         0.0
        ],
        [
         44.1053,
         37.98438,
         0.0
        ],
        [
         43.01638,
         41.27191,
         0.0
        ],
        [
         41.28304,
         41.41274,
         0.0
        ],
        [
         36.26378,
         44.40772,
         0.0
        ],
        [
         36.61315,
         45.58723,
         0.0
        ],
        [
         37.48493,
         46.80924,
         0.0
        ],
        [
         38.27497,
         47.61317,
         0.0
        ],
        [
         39.56164,
         48.43141,
         0.0
        ],
        [
         39.77264,
         50.58891,
         0.0
        ],
        [
         39.6908,
         84.52666,
         0.0
        ]
       ]
      ]
     },
     {
      "type": "Polygon",
      "coordinates": [
       [
        [
         -168.25,
         77.7,
         0.0
        ],
        [
         -179.9999,
         77.7,
         0.0
        ],
        [
         -179.9999,
         58.1,
         0.0
        ],
        [
         -168.25,
         58.1,
         0.0
        ],
        [
         -168.25,
         77.7,
         0.0
        ]
       ]
      ]
     }
    ]
   }
  ],
  [
   "Europe",
   {
    "geometry": {
     "type": "Polygon",
     "coordinates": [
      [
       [
        2.988281,
        39.095963,
        0.0
       ],
       [
        10.371094,
        39.095963,
        0.0
       ],
       [
        18.984375,
        34.741613,
        0.0
       ],
       [
        31.640625,
        34.597042,
        0.0
       ],
       [
        26.367187,
        34.161818,
        0.0
       ],
       [
        32.871094,
        33.28462,
        0.0
       ],
       [
        38.334747,
        38.11065,
        0.0
       ],
       [
        39.340524,
        38.910569,
        0.0
       ],
       [
        38.758584,
        42.709876,
        0.0
       ],
       [
        40.253906,
        44.715514,
        0.0
       ],
       [
        43.945313,
        47.15984,
        0.0
       ],
       [
        42.890625,
        51.289406,
        0.0
       ],
       [
        42.034923,
        57.575959,
        0.0
       ],
       [
        41.484375,
        59.888937,
        0.0
       ],
       [
        41.132813,
        61.438768,
        0.0
       ],
       [
        41.308594,
        62.593341,
        0.0
       ],
       [
        42.011719,
        65.946472,
        0.0
       ],
       [
        40.091109,
        71.87773,
        0.0
       ],
       [
        31.464844,
        70.959697,
        0.0
       ],
       [
        23.730469,
        73.277353,
        0.0
       ],
       [
        31.640625,
        78.384855,
        0.0
       ],
       [
        32.519531,
        80.703997,
        0.0
       ],
       [
        16.875,
        80.900669,
        0.0
       ],
       [
        9.84375,
        79.843346,
        0.0
       ],
       [
        11.953125,
        68.911005,
        0.0
       ],
       [
        8.085938,
        65.366837,
        0.0
       ],
       [
        -9.667969,
        64.623877,
        0.0
       ],
       [
        -15.996094,
        66.861082,
        0.0
       ],
       [
        -24.609375,
        66.583217,
        0.0
       ],
       [
        -26.015625,
        65.730627,
        0.0
       ],
       [
        -23.554687,
        61.270233,
        0.0
       ],
       [
        -21.09375,
        60.586967,
        0.0
       ],
       [
        -18.808594,
        58.170703,
        0.0
       ],
       [
        -10.371094,
        51.399206,
        0.0
       ],
       [
        -11.572867,
        44.411639,
        0.0
       ],
       [
        -11.953125,
        41.771312,
        0.0
       ],
       [
        -9.84375,
        34.885931,
        0.0
       ],
       [
        2.988281,
        39.095963,
        0.0
       ]
      ]
     ]
    }
   }
  ]
 ]
}
);